Online_Representative_Fast_2_60_0.3_False_Throughput_0_60_src0_src1_src2_src3_dst0_dst1_dst2_dst3_sport_dport_ttl_len,83.69749135617597,62.62107467696505,21.07641667921093,77.2871932733547,27.456873072220322
Online_Representative_Fast_4_60_0.3_False_Throughput_0_60_src0_src1_src2_src3_dst0_dst1_dst2_dst3_sport_dport_ttl_len,96.07427812992131,64.8925121849835,31.181765944937823,85.89578209015575,89.87678262326362
Online_Representative_Fast_6_60_0.3_False_Throughput_0_60_src0_src1_src2_src3_dst0_dst1_dst2_dst3_sport_dport_ttl_len,96.80997127716422,65.19707533333714,31.612895943827066,87.19737806095844,92.11160146720297
Online_Representative_Fast_8_60_0.3_False_Throughput_0_60_src0_src1_src2_src3_dst0_dst1_dst2_dst3_sport_dport_ttl_len,97.06455796252543,65.36556386530003,31.69899409722542,88.02265923463538,92.16891644664277
Online_Representative_Fast_10_60_0.3_False_Throughput_0_60_src0_src1_src2_src3_dst0_dst1_dst2_dst3_sport_dport_ttl_len,97.38360797753073,65.5052677289982,31.878340248532542,88.54039640637788,93.4848106600692

Online_Range_Fast_Manhattan_2_60_0.3_False_Throughput_0_60_src0_src1_src2_src3_dst0_dst1_dst2_dst3_sport_dport_ttl_len,84.45960594513642,62.288836597587625,22.170769347548795,77.06139942563685,31.695099309531635
Online_Range_Fast_Manhattan_4_60_0.3_False_Throughput_0_60_src0_src1_src2_src3_dst0_dst1_dst2_dst3_sport_dport_ttl_len,88.30840593183294,63.154767745085564,25.153638186747404,79.75723488289863,50.053764420777384
Online_Range_Fast_Manhattan_6_60_0.3_False_Throughput_0_60_src0_src1_src2_src3_dst0_dst1_dst2_dst3_sport_dport_ttl_len,91.22195799285463,64.04727270949844,27.17468528335621,82.1161007776669,62.71145474751905
Online_Range_Fast_Manhattan_8_60_0.3_False_Throughput_0_60_src0_src1_src2_src3_dst0_dst1_dst2_dst3_sport_dport_ttl_len,92.92114762173554,64.20590419054678,28.715243431188746,83.04450241952267,70.20742779774172
Online_Range_Fast_Manhattan_10_60_0.3_False_Throughput_0_60_src0_src1_src2_src3_dst0_dst1_dst2_dst3_sport_dport_ttl_len,94.07446660443384,64.40473914096091,29.669727463472928,83.88029919000702,75.45124706191066

Online_Range_Fast_Anime_2_60_0.3_False_Throughput_0_60_src0_src1_src2_src3_dst0_dst1_dst2_dst3_sport_dport_ttl_len,84.93628799286789,61.72034549493538,23.215942497932506,78.47709135701207,33.094396148658795
Online_Range_Fast_Anime_4_60_0.3_False_Throughput_0_60_src0_src1_src2_src3_dst0_dst1_dst2_dst3_sport_dport_ttl_len,90.02546399202794,62.689722781784745,27.335741210243185,83.07368327967252,56.341336562883754
Online_Range_Fast_Anime_6_60_0.3_False_Throughput_0_60_src0_src1_src2_src3_dst0_dst1_dst2_dst3_sport_dport_ttl_len,91.1981636700118,62.55798192962861,28.640181740383188,83.53819546673482,63.44322546473741
Online_Range_Fast_Anime_8_60_0.3_False_Throughput_0_60_src0_src1_src2_src3_dst0_dst1_dst2_dst3_sport_dport_ttl_len,92.453022253334,63.21473912948227,29.238283123851723,85.25554414446714,68.72686122067128
Online_Range_Fast_Anime_10_60_0.3_False_Throughput_0_60_src0_src1_src2_src3_dst0_dst1_dst2_dst3_sport_dport_ttl_len,93.23871449122703,63.21917171088163,30.01954278034539,86.53426807525192,73.63230022006903

Online_Representative_Exhaustive_2_60_0.3_False_Throughput_0_60_src0_src1_src2_src3_dst0_dst1_dst2_dst3_sport_dport_ttl_len,83.34288012177707,63.01143867551593,20.331441446261127,78.37396386886421,25.16783855129439
Online_Representative_Exhaustive_4_60_0.3_False_Throughput_0_60_src0_src1_src2_src3_dst0_dst1_dst2_dst3_sport_dport_ttl_len,97.31518935007746,65.63522944737078,31.679959902706695,89.17009033495843,92.89087947546489
Online_Representative_Exhaustive_6_60_0.3_False_Throughput_0_60_src0_src1_src2_src3_dst0_dst1_dst2_dst3_sport_dport_ttl_len,97.77453176225467,65.6440830006447,32.13044876160997,90.12649704642457,94.92276263336046
Online_Representative_Exhaustive_8_60_0.3_False_Throughput_0_60_src0_src1_src2_src3_dst0_dst1_dst2_dst3_sport_dport_ttl_len,98.00736900107265,65.77641599590385,32.23095300516882,90.4821787756324,95.51930074430065
Online_Representative_Exhaustive_10_60_0.3_False_Throughput_0_60_src0_src1_src2_src3_dst0_dst1_dst2_dst3_sport_dport_ttl_len,98.17877016926299,65.77737514005719,32.40139502920581,90.35377231416071,96.11197073860752

Online_Range_Exhaustive_Manhattan_2_60_0.3_False_Throughput_0_60_src0_src1_src2_src3_dst0_dst1_dst2_dst3_sport_dport_ttl_len,85.4686322116055,61.98748322111377,23.48114899049171,81.32587136558365,33.28083262889742
Online_Range_Exhaustive_Manhattan_4_60_0.3_False_Throughput_0_60_src0_src1_src2_src3_dst0_dst1_dst2_dst3_sport_dport_ttl_len,96.95996727505344,65.64436457158219,31.315602703471278,89.22758621423776,91.51479544124811
Online_Range_Exhaustive_Manhattan_6_60_0.3_False_Throughput_0_60_src0_src1_src2_src3_dst0_dst1_dst2_dst3_sport_dport_ttl_len,97.2087250316756,65.69607943849773,31.512645593177897,90.01083663469517,92.4901832093092
Online_Range_Exhaustive_Manhattan_8_60_0.3_False_Throughput_0_60_src0_src1_src2_src3_dst0_dst1_dst2_dst3_sport_dport_ttl_len,97.38936610149399,65.70598848241728,31.683377619076722,90.22826740038346,93.3307780523503
Online_Range_Exhaustive_Manhattan_10_60_0.3_False_Throughput_0_60_src0_src1_src2_src3_dst0_dst1_dst2_dst3_sport_dport_ttl_len,97.55188663190259,65.75350406508598,31.79838256681664,90.79601799411975,94.04954823268882

Online_Range_Exhaustive_Anime_2_60_0.3_False_Throughput_0_60_src0_src1_src2_src3_dst0_dst1_dst2_dst3_sport_dport_ttl_len,86.2364687536374,61.80399668552118,24.43247206811621,85.01538888135717,36.01573001910375
Online_Range_Exhaustive_Anime_4_60_0.3_False_Throughput_0_60_src0_src1_src2_src3_dst0_dst1_dst2_dst3_sport_dport_ttl_len,95.04182854210869,63.51814052627159,31.523688015837152,94.79405784328661,77.60031353138405
Online_Range_Exhaustive_Anime_6_60_0.3_False_Throughput_0_60_src0_src1_src2_src3_dst0_dst1_dst2_dst3_sport_dport_ttl_len,96.79967396189252,64.52888943969751,32.27078452219502,96.8796894451884,83.40612566904025
Online_Range_Exhaustive_Anime_8_60_0.3_False_Throughput_0_60_src0_src1_src2_src3_dst0_dst1_dst2_dst3_sport_dport_ttl_len,97.41594760472223,64.89786666749836,32.5180809372239,97.57429504578124,86.44607461265993
Online_Range_Exhaustive_Anime_10_60_0.3_False_Throughput_0_60_src0_src1_src2_src3_dst0_dst1_dst2_dst3_sport_dport_ttl_len,98.08800565543542,65.46218515142611,32.62582050400927,98.23909852841817,88.5568102758976

Offline_KMeans_2_60_0.3_False_Throughput_0_60_src0_src1_src2_src3_dst0_dst1_dst2_dst3_sport_dport_ttl_len,85.472428746463,61.32976240092633,24.14266634553667,75.94509127933816,35.28177343971748
Offline_KMeans_4_60_0.3_False_Throughput_0_60_src0_src1_src2_src3_dst0_dst1_dst2_dst3_sport_dport_ttl_len,97.79304075214426,65.67472789996206,32.1183128521822,86.91737964238524,94.81581613360238
Offline_KMeans_6_60_0.3_False_Throughput_0_60_src0_src1_src2_src3_dst0_dst1_dst2_dst3_sport_dport_ttl_len,98.00405669657717,65.7548141721213,32.24924252445585,89.3756034290024,95.48120184078644
Offline_KMeans_8_60_0.3_False_Throughput_0_60_src0_src1_src2_src3_dst0_dst1_dst2_dst3_sport_dport_ttl_len,98.1567645716162,65.84436666553667,32.312397906079546,89.9870603898431,95.98605498188722
Offline_KMeans_10_60_0.3_False_Throughput_0_60_src0_src1_src2_src3_dst0_dst1_dst2_dst3_sport_dport_ttl_len,98.2670445523296,65.94334967023282,32.323694882096774,90.64362026448204,96.12574433508347

Online_Representative_Fast_Offline-Centroid-Initialization_2_60_0.3_False_Throughput_0_60_src0_src1_src2_src3_dst0_dst1_dst2_dst3_sport_dport_ttl_len,84.11540931748333,62.544980727513455,21.570428589969897,77.4841915241715,28.641906664348515
Online_Representative_Fast_Offline-Centroid-Initialization_4_60_0.3_False_Throughput_0_60_src0_src1_src2_src3_dst0_dst1_dst2_dst3_sport_dport_ttl_len,97.55656987237616,65.64049158698545,31.916078285390714,87.34097252575688,94.37287895499395
Online_Representative_Fast_Offline-Centroid-Initialization_6_60_0.3_False_Throughput_0_60_src0_src1_src2_src3_dst0_dst1_dst2_dst3_sport_dport_ttl_len,97.799856812253,65.65779875387413,32.14205805837887,88.25838685371592,95.07950161092164
Online_Representative_Fast_Offline-Centroid-Initialization_8_60_0.3_False_Throughput_0_60_src0_src1_src2_src3_dst0_dst1_dst2_dst3_sport_dport_ttl_len,97.97517200398178,65.69882647339631,32.27634553058547,88.70192617859146,95.6439013206525
Online_Representative_Fast_Offline-Centroid-Initialization_10_60_0.3_False_Throughput_0_60_src0_src1_src2_src3_dst0_dst1_dst2_dst3_sport_dport_ttl_len,98.03302229578642,65.72821022322178,32.304812072564644,88.75251089544298,95.76994424919242